CNN-1:
[Epoch, Loss, Notredame accuracy, Yosemite accuracy]
[0, 1.0170910358428955, 0.27494, , 0.34254],
[1, 0.9744807481765747, 0.222, , 0.2742],
[2, 0.950644314289093, 0.20346, , 0.25884],
[3, 0.9332295656204224, 0.18472, , 0.24444],
[4, 0.9269702434539795, 0.17484, , 0.22232],
[5, 0.9316542148590088, 0.16794, , 0.21318],
[6, 0.8953061699867249, 0.1617, , 0.21908],
[7, 0.904087483882904, 0.16042, , 0.20726],
[8, 0.8940343260765076, 0.14952, , 0.20842],
[9, 0.9137188792228699, 0.13864, , 0.18776],
[10, 0.8842166066169739, 0.13316, , 0.19284],
[11, 0.8803402781486511, 0.13002, , 0.18244],
[12, 0.881856381893158, 0.12616, , 0.17406],
[13, 0.8754043579101562, 0.12388, , 0.17542],
[14, 0.8792720437049866, 0.11892, , 0.17008],
[15, 0.8688364624977112, 0.11508, , 0.1688],
[16, 0.8806436657905579, 0.11298, , 0.16018],
[17, 0.8742374777793884, 0.1109, , 0.16198],
[18, 0.8766978979110718, 0.11036, , 0.16362],
[19, 0.8673548102378845, 0.10964, , 0.15884],
