CNN-3:
[Epoch, Loss, Notredame accuracy, Yosemite accuracy]
[0, 0.9531468749046326, 0.22768, , 0.27892],
[1, 0.8746788501739502, 0.15816, , 0.21306],
[2, 0.8550522923469543, 0.13122, , 0.18544],
[3, 0.8324460387229919, 0.10912, , 0.14362],
[4, 0.8163945078849792, 0.10056, , 0.16136],
[5, 0.8089919090270996, 0.09058, , 0.12556],
[6, 0.7851749658584595, 0.07948, , 0.12428],
[7, 0.7997366189956665, 0.06978, , 0.1096],
[8, 0.7892074584960938, 0.05926, , 0.11116],
[9, 0.8062964677810669, 0.05964, , 0.107],
[10, 0.7767519950866699, 0.04974, , 0.08866],
[11, 0.7598475217819214, 0.0497, , 0.09634],
[12, 0.7625996470451355, 0.04888, , 0.0954],
[13, 0.7864267826080322, 0.0428, , 0.08398],
[14, 0.7476146221160889, 0.04416, , 0.07694],
[15, 0.7621043920516968, 0.0404, , 0.08554],
[16, 0.7409706711769104, 0.03974, , 0.0825],
[17, 0.7516738772392273, 0.03782, , 0.08328],
[18, 0.7354814410209656, 0.03578, , 0.0784],
[19, 0.7665186524391174, 0.03616, , 0.07886],
